101089180903
101089820986
101089908383
101090043514
101090269000
101091112849
101091162166
101091314091
101091352420
101091366029
101091380458
101091459193
101091493613
101091506780
101091525280
101091547356
101091549022
101091574612
101091580446
101091584807
101091590108
101091656961
101091658217
101091659334
101091707974
101091710274
101091715913
101091724887
101091753893
101091766389
101091803371
101091805302
101091827012
101091830652
101091864914
101091883052
101091890585
101091895997
101091902995
101091908122
101091908452
101091928037
101091930817
101091934105
101091938262
101091942488
101091945062
101091956430
101091959074
101091962176
101091963547
101091974956
101091992225
101091997267
101092034690
101092045962
101092046968
101092052482
101092056482
101092056550
101092096268
101092102580
101092102589
101092109328
101092117236
101092131485
101092139871
101092140739
101092153093
101092159601
101092175323
101092190907
101092197339
101092224822
101092227079
101092231465
101092249666
101092252552
101092268706
101092272363
101092283937
101092288441
101092294321
101092295531
101092297339
101092299377
101092313857
101092346263
101092352069
101092359885
101092367510
101092371690
101092374373
101100185959
101100187072
101100192235
101100192694
101100193216
101100197086
101100198591
101100204959
101100219890
101100221129
101100226581
101100226597
101100226624
101100230766
101100233764
101100233980
101100239582
101100240001
101100242152
101100254132
101100255413
101100257304
101100257995
101100260450
101100265048
101100265601
101100270170
101100276432
101100277045
101100278953
101100284243
101100286792
101100286963
101100288539
101100289481
101100294703
101100303533
101100303840
101100307784
101100308386
101100309705
101100315514
101100315836
101100316934
101100321389
101100323425
101100323537
101100324454
101100326638
101100327208
101100327346
101100328414
101100336577
101100339995
101100342730
101100344301
101100344799
101100347697
101100347833
101100349397
101100350840
101100351536
101100354495
101100361361
101100362330
101100363695
101100368795
101100369914
101100372408
101100373913
101100374531
101100376988
101100378250
101100383309
101100385027
101100386804
101100390474
101100391284
101100391654
101100392097
101100394259
101100401458
101100401839
101100403554
101100404834
101100406344
101100406712
101100407754
101100409238
101100411019
101100414670
101100414964
101100421042
101100421600
101100421915
101100423021
101100426325
101100426522
101100430632
101100431065
101100433516
101100434213
101100436604
101100439048
101100439235
101100445589
101100446221
101100446653
101100448414
101100450776
101100451708
101100451796
101100453064
101100454526
101100455516
101100456191
101100457363
101100460863
101100461931
101100462704
101100464850
101100465324
101100467311
101100467338
101100468132
101100472707
101100473166
101100474185
101100474845
101100475873
101100478129
101100478200
101100480019
101100480211
101100480804
101100481978
101100482597
101100483086
101100483207
101100486185
101100487557
101100487854
101100488121
101100489385
101100490745
101100491145
101100491612
101100493300
101100493774
101100494988
101100495992
101100496349
101100498837
101100501253
101100501362
101100501686
101100501927
101100502937
101100502955
101100504156
101100504257
101100504267
101100504669
101100506327
101100506562
101100508140
101100509772
101100510198
101100511814
101100516640
101100516769
101100516921
101100517795
101100518012
101100518820
101100518844
101100520820
101100520881
101100522085
101100522463
101100522834
101100523341
101100523752
101100527532
101100533775
101100533933
101100534305
101100535104
101100536009
101100536284
101100536967
101100537599
101100537974
101100539807
101100540312
101100541243
101100542057
101100542866
101100543041
101100543498
101100545144
101100546096
101100547903
101100549895
101100550010
101100550237
101100551942
101100553541
101100554153
101100554220
101100554955
101100555833
101100555919
101100556891
101100556905
101100557218
101100558534
101100558830
101100559381
101100559652
101100560847
101100561281
101100562188
101100562589
101100562967
101100563011
101100563246
101100563545
101100563816
101100564473
101100564479
101100564722
101100564816
101100565653
101100566409
101100566482
101100566698
101100567075
101100567605
101100569404
101100573507
101100573793
101100573881
101100574972
101100575040
101100576091
101100576629
101100576681
101100577169
101100577629
101100578546
101100578767
101100578818
101100579575
101100580147
101100580497
101100581606
101100581778
101100581943
101100582049
101100582168
101100583391
101100583396
101100583398
101100583776
101100584123
101100585069
101100585295
101100585680
101100585813
101100586519
101100586623
101100587053
101100587228
101100587354
101100588076
101100588200
101100589479
101100589643
101100590757
101100591267
101100591492
101100591858
101100592706
101100593165
101100593503
101100593771
101100593925
101100594411
101100594888
101100595720
101100596354
101100597801
101100598305
101100598477
101100599003
101100600364
101100600374
101100600377
101100601196
101100601286
101100601349
101100602005
101100602645
101100604345
101100604578
101100604740
101100605456
101100605773
101100605838
101100606459
101100606767
101100607253
101100607932
101100607962
101100609685
101100610347
101100610413
101100611218
101100612329
101100613041
101100613127
101100613365
101100613449
101100613759
101100613787
101100613896
101100613928
101100614236
101100615344
101100615388
101100615601
101100615738
101100616764
101100617367
101100617457
101100617950
101100618485
101100619367
101100619537
101100619712
101100619948
101100620110
101100620192
101100620738
101100621665
101100621742
101100622548
101100623045
101100623861
101100623958
101100624657
101100625201
101100625222
101100625573
101100625795
101100626241
101100626734
101100627306
101100627440
101100627838
101100629349
101100629678
101100629892
101100630420
101100630932
101100631169
101100631286
101100631488
101100631531
101100631604
101100632333
101100632953
101100633382
101100634613
101100634834
101100635458
101100635461
101100635922
101100636573
101100636907
101100637015
101100637105
101100637127
101100637719
101100637720
101100637826
101100638079
101100638602
101100639162
101100639167
101100639241
101100639348
101100639434
101100639688
101100640877
101100640879
101100640912
101100642255
101100642373
101100642451
101100642494
101100642580
101100643058
101100643570
101100643884
101100643913
101100644352
101100644419
101100644884
101100645380
101100645508
101100645937
101100646321
101100646339
101100646442
101100646488
101100646732
101100646856
101100647530
101100647626
101100648015
101100648292
101100648430
101100648653
101100648812
101100648848
101100648922
101100648998
101100649225
101100649373
101100649863
101100651020
101100651044
101100651086
101100651334
101100652390
101100652622
101100652668
101100653033
101100653490
101100653747
101100654219
101100654270
101100654463
101100654484
101100654514
101100655023
101100655184
101100655292
101100655623
101100657112
101100657505
101100657922
101100658524
101100658825
101100658849
101100658908
101100659135
101100659281
101100659749
101100659768
101100660372
101100660433
101100661078
101100661452
101100661545
101100661963
101100662600
101100662910
101100663096
101100663188
101100663347
101100664145
101100664814
101100665177
101100665481
101100665496
101100665538
101100665921
101100665994
101100666155
101100666203
101100666220
101100666559
101100666587
101100666649
101100668445
101100668530
101100668588
101100669269
101100669324
101100669366
101100669409
101100669622
101100670042
101100670413
101100670721
101100670922
101100672075
101100672705
101100672792
101100673562
101100673904
101100674058
101100674712
101100676321
101100677039
101100677154
101100677160
101100677261
101100677317
101100677325
101100677409
101100677605
101100677939
101100678227
101100678651
101100678860
101100679063
101100679084
101100679184
101100679478
101100679845
101100680018
101100680137
101100680291
101100680298
101100680327
101100680393
101100680513
101100680720
101100681050
101100681268
101100681793
101100682173
101100682470
101100682664
101100683050
101100683375
101100683738
101100684182
101100684421
101100684429
101100684613
101100684667
101100684756
101100685656
101100686640
101100686848
101100687080
101100687090
101100687183
101100687409
101100687678
101100687926
101100688027
101100688348
101100688689
101100689117
101100689594
101100689640
101100689684
101100690554
101100690628
101100690691
101100692030
101100692137
101100692714
101100693029
101100693289
101100693608
101100694566
101100694814
101100694915
101100695413
101100695518
101100695689
101100695729
101100696094
101100696232
101100696251
101100696570
101100696719
101100696857
101100696869
101100697047
101100697139
101100697142
101100697273
101100697317
101100698123
101100698332
101100698374
101100698441
101100698827
101100698870
101100698909
101100699026
101100699194
101100700220
101100700235
101100700501
101100700666
101100701141
101100701656
101100701753
101100701839
101100701994
101100701995
101100702236
101100702269
101100702422
101100702702
101100702870
101100703013
101100703243
101100703501
101100703649
101100703719
101100703879
101100704117
101100704141
101100704599
101100705700
101100706023
101100706041
101100706102
101100706110
101100706168
101100706198
101100706231
101100706448
101100706948
101100707654
101100708119
101100708191
101100708217
101100708862
101100709144
101100709162
101100709315
101100709388
101100710291
101100710370
101100710461
101100710691
101100711161
101100711311
101100711460
101100711801
101100712636
101100712708
101100712950
101100713455
101100713644
101100713906
101100714023
101100714478
101100714654
101100714913
101100714938
101100714947
101100715045
101100715240
101100715262
101100715473
101100715675
101100715770
101100716057
101100716217
101100716368
101100716458
101100716467
101100716556
101100716587
101100716601
101100716678
101100716776
101100717176
101100717629
101100717677
101100718000
101100718171
101100718526
101100719809
101100719876
101100720029
101100720042
101100720135
101100720380
101100720440
101100720575
101100721198
101100721559
101100722048
101100722117
101100722667
101100722713
101100723692
101100723870
101100724032
101100724294
101100724390
101100724861
101100725115
101100725214
101100725838
101100726169
101100726691
101100727295
101100727644
101100727735
101100727899
101100727908
101100728444
101100728818
101100728819
101100729226
101100729657
101100729980
101100730000
101100730783
101100731622
101100731772
101100731773
101100731779
101100732079
101100732886
101100733854
101100733879
101100734143
101100734707
101100734878
101100734888
101100735019
101100735419
101100735616
101100735775
101100735816
101100735963
101100735990
101100735999
101100736450
101100736519
101100736584
101100737657
101100737678
101100738114
101100738167
101100738467
101100738953
101100739133
101100739265
101100739332
101100739411
101100740025
101100740117
101100740170
101100740897
101100741010
101100741274
101100741571
101100741673
101100742326
101100742573
101100742742
101100743067
101100743474
101100743586
101100743879
101100744019
101100744821
101100745200
101100745303
101100745375
101100745471
101100745869
101100746311
101100747055
101100747336
101100747774
101100747917
101100748218
101100748474
101100748670
101100749442
101100749576
101100749635
101100749836
101100750429
101100750505
101100751121
101100751364
101100751948
101100752164
101100752682
101100752755
101100753464
101100753613
101100753771
101100753787
101100754307
101100754326
101100755332
101100755739
101100755949
101100756215
101100756231
101100757100
101100757770
101100757818
101100758037
101100758579
101100758892
101100758904
101100759000
101100759321
101100759496
101100759586
101100759620
101100759659
101100759943
101100759989
101100760163
101100760199
101100760253
101100760800
101100760893
101100761091
101100761121
101100761405
101100761477
101100762149
101100762275
101100762307
101100762343
101100762396
101100762406
101100762611
101100762635
101100762650
101100762738
101100763196
101100763281
101100763326
101100763463
101100763530
101100763644
101100763656
101100763715
101100763798
101100763858
101100763878
101100763946
101100764628
101100765048
101100765292
101100765528
101100765905
101100765908
101100766157
101100766163
101100766599
101100766605
101100766753
101100766757
101100766759
101100766796
101100766862
101100767234
101100767284
101100767413
101100767624
101100767946
101100768266
101100768837
101100769112
101100769747
101100769788
101100769860
101100770045
101100770116
101100770207
101100770292
101100770322
101100770335
101100770696
101100771020
101100772600
101100772647
101100773365
101100773883
101100774026
101100774219
101100774259
101100774891
101100775378
101100775662
101100775799
101100775986
101100776018
101100776087
101100776154
101100776220
101100776336
101100776363
101100776409
101100776530
101100777199
101100777346
101100777354
101100777539
101100777756
101100777827
101100777946
101100778301
101100778520
101100778748
101100779011
101100779043
101100779453
101100779587
101100779662
101100779722
101100779735
101100779875
101100779930
101100780219
101100780315
101100780566
101100780844
101100780846
101100781022
101100781079
101100781137
101100781207
101100781892
101100782246
101100782317
101100783367
101100783698
101100783752
101100784053
101100784231
101100784752
101100784877
101100785196
101100785592
101100785773
101100785925
101100786162
101100786713
101100787052
101100787218
101100787443
101100788203
101100788350
101100788715
101100789489
101100789694
101100790009
101100790283
101100790841
101100791121
101100791229
101100791356
101100791403
101100791502
101100791567
101100791761
101100791823
101100791955
101100792018
101100792038
101100792251
101100792291
101100792495
101100792644
101100792775
101100793066
101100793277
101100793370
101100793451
101100793621
101100793818
101100794595
101100795143
101100795221
101100795666
101100796130
101100796332
101100796622
101100796663
101100796856
101100796870
101100797123
101100798008
101100798024
101100798037
101100798153
101100798329
101100798624
101100798757
101100799169
101100799464
101100799804
101100799918
101100800219
101100800338
101100800831
101100801009
101100801538
101100801757
101100801838
101100801917
101100802108
101100802309
101100802471
101100802775
101100802953
101100803058
101100803695
101100803884
101100804610
101100804914
101100804953
101100805599
101100805694
101100805728
101100805892
101100806038
101100806173
101100806184
101100806474
101100806875
101100807055
101100807077
101100807464
101100807665
101100807675
101100808199
101100808226
101100808333
101100808470
101100808532
101100808564
101100808584
101100808846
101100809094
101100809161
101100809432
101100809893
101100810128
101100810186
101100810512
101100810722
101100810732
101100810781
101100810933
101100811310
101100811329
101100811450
101100811478
101100811570
101100811601
101100811690
101100812107
101100812218
101100812235
101100812295
101100812567
101100812744
101100813214
101100813226
101100813270
101100813720
101100813792
101100813929
101100814400
101100814426
101100814473
101100814642
101100814858
101100814915
101100815016
101100815106
101100815120
101100815315
101100815951
101100816250
101100816665
101100816913
101100820854
101100820960
101100821103
101100821162
101100821277
101100821513
101100822281
101100822357
101100822368
101100822587
101100822743
101100823091
101100823500
101100823567
101100823986
101100824115
101100824171
101100824212
101100824590
101100824712
101100824810
101100824851
101100824894
101100824952
101100825289
101100825404
101100825420
101100825465
101100825867
101100826169
101100826556
101100826565
101100826931
101100826954
101100827982
101100828003
101100828430
101100828619
101100828631
101100828729
101100828744
101100828799
101100829136
101100829960
101100830731
101100831249
101100831603
101100831760
101100832042
101100832134
101100832162
101100832178
101100832467
101100832486
101100832606
101100832743
101100832821
101100832954
101100832988
101100833214
101100833408
101100833650
101100833654
101100834232
101100834765
101100834858
101100835052
101100835088
101100835505
101100835552
101100835584
101100835841
101100836014
101100836473
101100836531
101100836758
101100836841
101100836943
101100836965
101100837002
101100837120
101100837485
101100837512
101100837586
101100837640
101100837648
101100837809
101100837963
101100837965
101100837980
101100837992
101100838142
101100838426
101100838465
101100838476
101100838514
101100838688
101100838753
101100838839
101100839419
101100839501
101100839548
101100839825
101100839925
101100840025
101100840293
101100840334
101100840401
101100840563
101100841039
101100841208
101100841467
101100842025
101100842125
101100842755
101100843830
101100844089
101100844318
101100844360
101100844469
101100844562
101100844726
101100844733
101100844773
101100845172
101100845622
101100845672
101100845685
101100845947
101100845952
101100846586
101100846610
101100846801
101100846852
101100846942
101100847321
101100847697
101100847752
101100847759
101100847894
101100848117
101100848202
101100848279
101100848526
101100848780
101100848850
101100849048
101100849081
101100849270
101100849302
101100849308
101100849464
101100849846
101100850184
101100850237
101100850557
101100850652
101100850687
101100850875
101100851100
101100851359
101100851786
101100851958
101100851970
101100852294
101100852752
101100853018
101100853080
101100853600
101100853738
101100853795
101100853903
101100853950
101100854060
101100854143
101100854410
101100854411
101100854530
101100854795
101100854876
101100855046
101100855271
101100855642
101100855672
101100855747
101100855792
101100855942
101100856187
101100856274
101100856344
101100856406
101100856442
101100856621
101100856842
101100857439
101100857551
101100858022
101100858376
101100858829
101100858930
101100858997
101100859046
101100859117
101100859211
101100859520
101100859712
101100859750
101100860083
101100860174
101100860603
101100861081
101100861101
101100861198
101100861214
101100861372
101100861383
101100861427
101100861443
101100861554
101100861785
101100861800
101100861877
101100861887
101100862019
101100862164
101100862375
101100862385
101100862857
101100863050
101100863115
101100863123
101100863207
101100863285
101100863335
101100863404
101100863455
101100863526
101100863596
101100864151
101100864207
101100864286
101100864847
101100864896
101100864918
101100864936
101100865035
101100865421
101100865543
101100865596
101100865834
101100866037
101100866064
101100866118
101100866186
101100866194
101100866271
101100866484
101100866492
101100866523
101100866650
101100866948
101100867023
101100867065
101100867293
101100867380
101100867416
101100867425
101100867495
101100867522
101100867587
101100867634
101100867639
101100867756
101100867938
101100868287
101100868359
101100868410
101100868427
101100868711
101100868789
101100868967
101100869138
101100869337
101100869830
101100870319
101100870763
101100870946
101100870971
101100870976
101100871056
101100871302
101100871816
101100871853
101100872109
101100872192
101100872731
101100872798
101100872903
101100872918
101100872937
101100873313
101100873536
101100873632
101100873643
101100873850
101100873865
101100874083
101100874277
101100874479
101100874542
101100874648
101100874785
101100874797
101100875010
101100875201
101100875630
101100875727
101100875734
101100875810
101100875924
101100876035
101100876157
101100876186
101100876198
101100876309
101100876740
101100877029
101100877410
101100877423
101100877485
101100877670
101100877785
101100878166
101100878248
101100878311
101100878458
101100878715
101100878776
101100878800
101100879237
101100879370
101100879513
101100879746
101100879928
101100880018
101100880134
101100880284
101100880288
101100880411
101100880547
101100880916
101100880985
101100881190
101100881525
101100881568
101100881658
101100881696
101100881718
101100881738
101100881823
101100881851
101100881904
101100882055
101100882179
101100882193
101100882452
101100882547
101100882680
101100882851
101100883055
101100883434
101100883642
101100883659
101100884166
101100884222
101100884294
101100884316
101100884383
101100884439
101100884539
101100884591
101100884823
101100885156
101100885190
101100885283
101100885337
101100885425
101100885452
101100885482
101100885627
101100885698
101100885803
101100886063
101100886097
101100886347
101100886364
101100886369
101100886395
101100886439
101100886566
101100886759
101100886798
101100886842
101100887133
101100887370
101100887994
101100888099
101100888218
101100888563
101100888573
101100888689
101100888833
101100889317
101100889535
101100889596
101100889934
101100890252
101100890738
101100890769
101100890822
101100891403
101100891406
101100891516
101100891690
101100891763
101100891794
101100891809
101100891924
101100892055
101100892142
101100892159
101100892205
101100892304
101100892445
101100892555
101100892718
101100892902
101100893151
101100893184
101100893285
101100893566
101100893633
101100893645
101100893669
101100893971
101100894283
101100894334
101100894447
101100894448
101100894523
101100894626
101100894669
101100894979
101100895193
101100895471
101100895487
101100895522
101100895946
101100896055
101100896814
101100896964
101100896974
101100897076
101100897277
101100897630
101100897757
101100897845
101100898013
101100898037
101100898134
101100898178
101100898248
101100898273
101100898566
101100899037
101100900315
101100900340
101100900396
101100900484
101100900744
101100901037
101100901641
101100901810
101100902060
101100902235
101100902356
101100902378
101100902500
101100902560
101100903890
101100904361
101100904517
101100904578
101100904658
101100904779
101100905025
101100905084
101100905192
101100905683
101100906063
101100906223
101100906516
101100906658
101100907335
101100907412
101100907493
101100907584
101100907648
101100908641
101100908711
101100908981
101100909330
101100909423
101100909425
101100909494
101100909701
101100910115
101100910470
101100910523
101100910719
101100910721
101100910726
101100910969
101100911419
101100911666
101100911671
101100911687
101100911928
101100912039
101100912046
101100912355
101100912573
101100912758
101100913197
101100913691
101100913826
101100914038
101100914526
101100914588
101100915200
101100915216
101100915243
101100915467
101100915520
101100915542
101100915573
101100915634
101100915638
101100915737
101100915808
101100915878
101100915985
101100916151
101100916170
101100916464
101100916569
101100916889
101100916920
101100916965
101100916995
101100917035
101100917265
101100917392
101100917466
101100917547
101100917642
101100917787
101100917920
101100918176
101100918300
101100918356
101100918423
101100918515
101100918719
101100918802
101100919091
101100919147
101100919306
101100919725
101100919887
101100920179
101100920288
101100920339
101100920483
101100920526
101100920806
101100921177
101100921258
101100921293
101100921605
101100921660
101100921757
101100921852
101100921918
101100921926
101100921935
101100921950
101100922076
101100922203
101100922393
101100922529
101100922717
101100922990
101100923062
101100923218
101100923436
101100923503
101100923817
101100923904
101100924064
101100924248
101100924264
101100924466
101100924534
101100924565
101100924657
101100924797
101100924798
101100924877
101100925022
101100925027
101100925119
101100925156
101100925158
101100925351
101100926050
101100926130
101100926196
101100926348
101100926479
101100926557
101100927488
101100927522
101100927706
101100927916
101100928107
101100928141
101100928158
101100928396
101100928616
101100928715
101100928844
101100928851
101100929403
101100929420
101100929472
101100929550
101100929637
101100930086
101100930371
101100930602
101100930726
101100930835
101100930898
101100931082
101100931277
101100931654
101100931732
101100931829
101100931864
101100931872
101100932094
101100932394
101100932442
101100932469
101100932752
101100932921
101100932966
101100932986
101100933271
101100933279
101100933301
101100933500
101100933653
101100933793
101100934197
101100934646
101100934823
101100935052
101100935100
101100935110
101100935242
101100935384
101100935422
101100935517
101100935609
101100935857
101100935877
101100936160
101100936290
101100936734
101100936766
101100936770
101100936779
101100937233
101100937239
101100937549
101100937804
101100937951
101100937986
101100938054
101100938069
101100938136
101100938138
101100938257
101100938382
101100938399
101100938740
101100939314
101100939550
101100939953
101100939964
101100940023
101100940084
101100940230
101100940527
101100940572
101100940649
101100940657
101100940727
101100940741
101100940818
101100940834
101100941108
101100941297
101100941366
101100941426
101100941561
101100941646
101100942233
101100942297
101100942567
101100942832
101100943351
101100943431
101100943552
101100943586
101100943626
101100943641
101100943689
101100943759
101100943863
101100943869
101100943986
101100944162
101100944400
101100944438
101100944551
101100944568
101100944829
101100944924
101100944946
101100945178
101100945179
101100945275
101100945410
101100945476
101100945518
101100945535
101100945704
101100945783
101100945887
101100946158
101100946224
101100946373
101100946515
101100947226
101100947467
101100947513
101100947654
101100947710
101100947726
101100947751
101100947923
101100947987
101100947996
101100948019
101100948074
101100948101
101100948471
101100948648
101100949075
101100949179
101100949202
101100949343
101100949806
101100949860
101100949944
101100949976
101100950232
101100950432
101100950620
101100950745
101100950909
101100950915
101100950923
101100951015
101100951237
101100951460
101100951509
101100951550
101100951614
101100951895
101100951969
101100951987
101100952003
101100952175
101100952269
101100952330
101100952428
101100952448
101100952738
101100952780
101100953170
101100953207
101100953262
101100953619
101100953819
101100954691
101100954887
101100955072
101100955138
101100955253
101100955413
101100955720
101100955835
101100955857
101100955877
101100955916
101100955952
101100955990
101100956218
101100956221
101100956995
101100957069
101100957196
101100957244
101100957267
101100957451
101100957452
101100957589
101100957600
101100957707
101100957715
101100957769
101100957864
101100957973
101100958106
101100958314
101100958408
101100958419
101100958605
101100958658
101100958797
101100959631
101100959777
101100959803
101100959839
101100960095
101100960157
101100960380
101100960451
101100960512
101100960550
101100960712
101100961021
101100961166
101100961409
101100961822
101100961961
101100961988
101100962492
101100962634
101100962645
101100962661
101100962769
101100962974
101100962986
101100963204
101100963221
101100963648
101100963890
101100964043
101100964214
101100964246
101100964541
101100964557
101100964585
101100964730
101100964745
101100964782
101100964890
101100964969
101100965235
101100965284
101100965460
101100965568
101100965638
101100965732
101100966092
101100966223
101100966295
101100966418
101100966472
101100966491
101100966561
101100966806
101100966865
101100967112
101100967632
101100967815
101100967943
101100967989
101100968029
101100968091
101100968106
101100968233
101100968250
101100968418
101100968738
101100968813
101100968815
101100968996
101100969001
101100969139
101100969302
101100969417
101100969680
101100969726
101100969870
101100969880
101100969911
101100970039
101100970281
101100970313
101100970342
101100970523
101100970543
101100970556
101100970625
101100970643
101100970645
101100970713
101100970845
101100970927
101100970933
101100970977
101100971379
101100971385
101100971390
101100971440
101100971482
101100971504
101100971620
101100971777
101100971815
101100971824
101100971826
101100971868
101100972124
101100972195
101100972499
101100972566
101100972616
101100972670
101100972702
101100972861
101100973021
101100973375
101100973411
101100973442
101100973455
101100973560
101100973650
101100973775
101100973823
101100973931
101100973966
101100974064
101100974116
101100974131
101100974139
101100974230
101100974250
101100974274
101100974307
101100974628
101100974651
101100974735
101100974763
101100974788
101100974804
101100974817
101100974823
101100974830
101100974948
101100975051
101100975053
101100975071
101100975240
101100975381
101100975415
101100975560
101100975595
101100975743
101100975829
101100975843
101100975851
101100975855
101100976075
101100976175
101100976198
101100976226
101100976263
101100976302
101100976334
101100976469
101100976573
101100976617
101100976620
101100976738
101100976794
101100976883
101100976956
101100977121
101100977198
101100977281
101100977343
101100977446
101100977726
101100977886
101100977987
101100978158
101100978163
101100978169
101100978220
101100978222
101100978540
101100978585
101100978587
101100978684
101100978687
101100978803
101100978982
101100979719
101100980139
101100980193
101100980200
101100980337
101100980343
101100980791
101100980952
101100980956
101100981105
101100981310
101100981355
101100981641
101100981670
101100981677
101100981884
101100982118
101100982242
101100982376
101100982769
101100982790
101100983209
101100983271
101100983435
101100983526
101100983538
101100983692
101100983840
101100983900
101100983964
101100984288
101100984332
101100984733
101100984749
101100984833
101100984846
101100984903
101100985043
101100985081
101100985103
101100985179
101100985290
101100985524
101100985533
101100985606
101100985695
101100985854
101100986031
101100986302
101100986349
101100986875
101100986932
101100987375
101100987570
101100987940
101100988041
101100988125
101100988198
101100988245
101100988479
101100988628
101100988631
101100988902
101100989030
101100989207
101100989273
101100989276
101100989505
101100989652
101100990244
101100990291
101100990505
101100990763
101100990891
101100990898
101100991086
101100991326
101100991419
101100991608
101100991666
101100991924
101100991977
101100992096
101100992267
101100992330
101100992446
101100992453
101100992570
101100992701
101100992835
101100992897
101100992959
101100993152
101100993186
101100993401
101100993442
101100993455
101100993600
101100993694
101100993734
101100993816
101100993844
101100994013
101100994529
101100994552
101100994778
101100994805
101100994858
101100995095
101100995108
101100995311
101100995398
101100995477
101100995513
101100995572
101100995584
101100995916
101100996008
101100996137
101100996362
101100996441
101100996679
101100996686
101100996816
101100997117
101100997120
101100997127
101100997156
101100997162
101100997240
101100997273
101100997280
101100997378
101100997432
101100997471
101100997473
101100997482
101100997537
101100997580
101100997617
101100997646
101100997650
101100997859
101100998330
101100998471
101100998584
101100998619
101100998688
101100998692
101100998895
101100999006
101100999150
101100999183
101100999217
101100999252
101100999379
101100999385
101100999434
101100999479
101100999577
101100999768
101100999874
101100999912
101101000380
101101000389
101101000495
101101000708
101101000848
101101001168
101101001171
101101001190
101101001227
101101001330
101101001366
101101001588
101101001593
101101001594
101101001627
101101001676
101101001698
101101001878
101101001903
101101002309
101101002470
101101002783
101101002980
101101003158
101101003200
101101003750
101101003770
101101003905
101101004075
101101004146
101101004172
101101004267
101101004408
101101004436
101101004502
101101004561
101101004734
101101004775
101101004961
101101005017
101101005032
101101005048
101101005052
101101005094
101101005308
101101005399
101101005521
101101005689
101101005833
101101005934
101101006154
101101006185
101101006190
101101006196
101101006429
101101006525
101101006554
101101006708
101101006764
101101006809
101101006854
101101006879
101101006914
101101006964
101101007059
101101007103
101101007167
101101007202
101101007254
101101007289
101101007482
101101007522
101101007533
101101007636
101101007721
101101007906
101101007945
101101008026
101101008137
101101008181
101101008291
101101008293
101101008444
101101008701
101101008918
101101009095
101101009167
101101009234
101101009244
101101009245
101101009515
101101009613
101101009626
101101009871
101101009973
101101010152
101101010158
101101010216
101101010246
101101010294
101101010497
101101010618
101101010822
101101010932
101101010935
101101011020
101101011044
101101011098
101101011113
101101011325
101101011427
101101011444
101101011660
101101011792
101101011827
101101011857
101101011895
101101012004
101101012033
101101012134
101101012198
101101012224
101101012375
101101012399
101101012492
101101012675
101101012872
101101013015
101101013055
101101013064
101101013128
101101013224
101101013507
101101013557
101101013631
101101013679
101101013716
101101013775
101101013804
101101013840
101101013846
101101014049
101101014130
101101014148
101101014300
101101014390
101101014401
101101014502
101101014660
101101014739
101101014763
101101014812
101101014827
101101014912
101101014949
101101015057
101101015178
101101015261
101101015332
101101015475
101101015491
101101015564
101101015605
101101015731
101101015826
101101015866
101101015899
101101016064
101101016923
101101016997
101101017007
101101017144
101101017189
101101017363
101101017472
101101017520
101101017543
101101017672
101101017739
101101017802
101101018025
101101018040
101101018144
101101018274
101101018384
101101018590
101101018752
101101019279
101101019353
101101019639
101101019764
101101019816
101101019974
101101019994
101101020036
101101020164
101101020201
101101020689
101101020782
101101020886
101101021032
101101021315
101101021334
101101021591
101101021711
101101022040
101101022096
101101022141
101101022213
101101022310
101101022385
101101022508
101101022588
101101022654
101101022671
101101023102
101101023379
101101023533
101101023681
101101023720
101101023749
101101023973
101101024196
101101024253
101101024407
101101024463
101101024507
101101024721
101101024799
101101025225
101101025243
101101025345
101101025394
101101025717
101101025799
101101025805
101101025856
101101025863
101101026252
101101026315
101101026401
101101026576
101101026678
101101026743
101101027043
101101027350
101101027647
101101027840
101101027974
101101028238
101101028418
101101028467
101101028597
101101028780
101101028888
101101028906
101101028986
101101029125
101101029203
101101029356
101101029369
101101029372
101101029412
101101029414
101101029451
101101029484
101101029504
101101029561
101101029605
101101029657
101101029700
101101029748
101101029806
101101029825
101101029872
101101029884
101101029943
101101029954
101101030068
101101030104
101101030144
101101030343
101101030665
101101030738
101101030810
101101030825
101101030975
101101031058
101101031184
101101031289
101101031311
101101031326
101101031327
101101031383
101101031386
101101031401
101101031418
101101031447
101101031485
101101031685
101101031689
101101031698
101101031715
101101031740
101101031746
101101031768
101101031848
101101031942
101101032083
101101032196
101101032257
101101032319
101101032385
101101032421
101101032800
101101032850
101101033037
101101033038
101101033039
101101033053
101101033105
101101033126
101101033163
101101033342
101101033462
101101033485
101101033589
101101033666
101101033753
101101033871
101101034142
101101034162
101101034266
101101034282
101101034333
101101034351
101101034372
101101034422
101101034627
101101034653
101101034705
101101034788
101101034976
101101035031
101101035051
101101035126
101101035214
101101035216
101101035291
101101035468
101101035680
101101035696
101101035928
101101036229
101101036259
101101036451
101101036518
101101036576
101101036628
101101036827
101101037018
101101037068
101101037327
101101037333
101101037344
101101037399
101101037445
101101037560
101101037815
101101037923
101101038033
101101038040
101101038052
101101038459
101101038492
101101038553
101101038572
101101038636
101101038731
101101038765
101101038920
101101038931
101101039175
101101039187
101101039236
101101039425
101101039456
101101039823
101101039925
101101040048
101101040063
101101040160
101101040629
101101040684
101101040750
101101040775
101101040809
101101040877
101101040958
101101040973
101101041039
101101041284
101101041358
101101041372
101101041465
101101041492
101101041617
101101041637
101101041749
101101041972
101101042032
101101042291
101101042343
101101042505
101101042538
101101042567
101101042571
101101042621
101101042624
101101042710
101101042915
101101042956
101101043021
101101043124
101101043131
101101043139
101101043190
101101043212
101101043248
101101043468
101101043611
101101043790
101101043879
101101043913
101101044451
101101044589
101101044925
101101045169
101101045200
101101045306
101101045368
101101045402
101101045626
101101045718
101101045734
101101046069
101101046122
101101046216
101101046223
101101046420
101101046471
101101046497
101101046567
101101046615
101101046621
101101046637
101101046651
101101046683
101101046843
101101046884
101101046940
101101046947
101101047049
101101047079
101101047246
101101047348
101101047429
101101047539
101101047875
101101047891
101101047905
101101047914
101101048029
101101048118
101101048222
101101048223
101101048329
101101048382
101101048491
101101048570
101101048657
101101048672
101101048878
101101048982
101101049029
101101049331
101101049332
101101049351
101101049733
101101049799
101101049908
101101049981
101101050163
101101050293
101101050326
101101050352
101101050695
101101050877
101101050922
101101050940
101101051150
101101051216
101101051248
101101051266
101101051290
101101051352
101101051362
101101051374
101101051527
101101051573
101101051650
101101051683
101101051702
101101051879
101101051928
101101052033
101101052173
101101052197
101101052252
101101052299
101101052484
101101052518
101101052519
101101052633
101101052634
101101052670
101101052686
101101052810
101101052860
101101052867
101101052879
101101053221
101101053287
101101053502
101101053515
101101053682
101101053930
101101054002
101101054072
101101054116
101101054125
101101054306
101101054346
101101054675
101101054811
101101054982
101101055001
101101055034
101101055154
101101055547
101101055559
101101055621
101101055631
101101055662
101101055824
101101055892
101101055991
101101055995
101101056136
101101056220
101101056337
101101056463
101101056623
101101056760
101101056869
101101057209
101101057262
101101057321
101101057420
101101057473
101101057642
101101057646
101101057776
101101057795
101101058030
101101058124
101101058174
101101058577
101101058619
101101058831
101101058882
101101059089
101101059284
101101059386
101101059498
101101059604
101101059684
101101059751
101101059785
101101059793
101101059983
101101060503
101101061005
101101061414
101101061491
101101061548
101101062416
101101063149
